Feature \ Sample	SRS011061	SRS011134	SRS011239	SRS011271	SRS011302	SRS011405	SRS011452	SRS011529	SRS011586	SRS012273
#N/A	0.00121363	0.0392467	0.014629	0.0041932	0.014844	0.00164945	0	0.00757227	0.0259721	0.0259544
1	0.465641	0.780369	0.401888	1.91538	1.09003	0.268188	0.257423	1.19916	0.352982	1.03712
2	0.138902	0.0384611	0.230884	0.034374	0.0190981	0.147294	0.296634	0.0891959	0.109045	0.048133
3	0.003317	0.00466771	0.00228785	0.00781655	0.00397375	0.00302409	0	0.00101207	0.00548894	0.0336156
4	0	0.00066066	0	0	0	0.000472961	0.00193564	0	0.00018578	0.00218776
5	0.000276416	0.0217591	0.000310236	0.00174437	0.000328013	0.000709441	0	0.000921779	0.00566119	0.00420135
6	0	0	0	0	0	0	0	0	0	0.002296
7	0	0	0.0032885	0	0	0.000492667	0	0	0	0.00850507
8	0.213946	0.102884	0.313648	0.0769743	0.080062	0.430591	0.526253	0.125362	0.188489	0.172895
9	0	0.0263747	0.000297826	0.00148599	0.00657244	0.00164018	0	0.000384742	0.00507343	0.00509616
10	0	0	0.000531833	0	0	0	0	0	0	0.00109678
11	0	0	0	0	0	0	0	0	0	0
12	0	0	0.00536477	0.00651251	1.99494e-05	0	0	0	0	0.00660684
13	0	0	0	0	0	0	0	0	0	0
14	0	0.00106356	0	0.000528098	0.000686454	0	0	0	0.000522505	0.00148003
15	0	0	0	0	0	0	0	0	0	0.000778211
16	0	0	0	0	0	0	0	0	0	0
17	0	0.000312013	0	0	0	0	0	0	0	0
18	0.0283453	0.0135135	0.0429557	0.00924616	0.000365135	0	0	0.00176981	0.0118899	0.0091897
19	0	0	0	0	0	0	0	0	0	0
20	0	0	0	0	0	0	0	0	7.96198e-05	0
21	0	0	0	0	0	0	0	0	0	0
22	0	0	0	0	0	0	0	0	0	0
23	0	0	0.00188623	0	0	0	0	0	0	0.00118056
24	0	0	0	0	0	0	0	0	0	0
25	0	0	0	0	0	0	0	0	0	0
26	0	0	0	0	0	0	0	0	0	0
27	0	0	0	0	0	0	0	0	0	0
28	0	0	0	0	0	0	0	0	0	0
29	0	0.000359055	0	0	0	0	0	0	0	0
30	0	0	0	0	0	0	0	0	0	0
31	0	0	0	0	0	0	0	0	0	0
32	0	0.000382488	0.000155118	0.000339796	0	0.000515061	0	0.000361337	0.0015172	0.000240522
33	0	0	0	0	0	0	0	0	0	0
34	0	0	0	0	0	0	0	0	0	0
35	0	0	0	0	0	0	0	0	0	0
36	0	0	0.0016121	0	0.00140886	0	0.00806518	0.000192371	0.00783133	0.0226106
37	0	0	0	0	0	0	0	0	0	0
38	0	0	0	0	0	0	0	0	0	0
39	0	0	0	0	0	0	0	0	0	0
41	0	0	0	0	0	0	0	0	0	0
42	0	0	0	0	0	0	0	0	0	0.000830895
43	0	0	0	0	0	0	0	0	0	0
44	0	0	0	0	0	0	0	0	0	0
45	0	0	0.000122731	0.00149889	0	0	0	0	0.000153115	0.00262927
46	0	0	0	0	0	0	0	0	0	0
47	0	0	0	0	0	0	0	0	0	0
48	0	0	0	0	0	0	0	0	0	0
49	0	0	0	0	0	0	0	0	0	0
50	0	0	0	0	0	0	0	0	0	0
51	0	0	0	0	0	0	0	0	0	0
52	0	0	0	0	0	0	0	0	0	0
53	0	0	0	0	0	0	0	0	0	0
54	0	0	0	0	0	0	0	0	0	0
56	0	0	0	0	0	0	0	0	0	0
57	0	0	0	0	0	0	0	0	0	0
58	0	0	0	0	0.000380509	0	0	0.000139722	0.00840106	0.00391708
59	0	0	0	0	0	0	0	0	0	0
60	0	0	0	0	0	0	0	0	0	0
61	0	0	0	0	0	0	0	0	0	0.00398137
62	2.81898e-05	8.77293e-05	3.16388e-05	0.000282885	0.000665622	7.53655e-05	0.00051407	0.000150409	0.000138151	9.70947e-05
63	0	0	0	0	0	0	0	0	0	0
64	0	0	0	0	0	0	0	0	0	0
65	0	0	0.000372283	0	0	0	0	0	0.00244447	0.000870461
66	0	0	0	0	0	0	0	0	0	0
67	0	0	0	0	0	0	0	0	0	0.000721467
68	0	0	0	0	0	0	0	0	0	0
69	0	0	0	0	0	0	0	0	3.43612e-05	3.38095e-05
70	0	0	0	0	0	0	0	0	0	0
72	0	0	0	0	0	0	0	0	0	0
73	0	0	0	0	0	0	0	0	0	0
74	0	0	0	0	0	0	0	0	0	0
75	0	0	0	0	0	0	0	0	0	0
76	0	0	0	0	0	0	0	0	0	0
77	0	0	0	0	0	0	0	0	0	0
79	0	0	0	0	0	0	0	0	0	0
80	0	0	0	0	0	0	0	0	0	0
81	0	0	0.000105528	0	0	0	0	0	0	4.69513e-05
82	0	0	0	0	0	0	0	0	0	0
83	0	0	0	0	0	0	0	0	0	0
85	0	0	0	0	0	0	0	0	0	0
86	0	0	0	0	0	0	0	0	0	0
87	0	0	0	0	0	0	0	0	0	0
88	0	0	0	0	0	0	0	0	0	0
89	0	0	0	0	0	0	0	0	0	0
90	0	0	0	0	0	0	0	0	0	0
93	0	0	0	0	0	0	0	0	0	0
96	0	0	0	0	0	0	0	0	0	0
97	0	0	0	0	0	0	0	0	0	0
104	0	0	0	0	0	0	0	0	0	0
105	0	0	0	0	0	0	0	0	0	0
109	0	0	0	0	0	0	0	0	0	0
110	0	0	0	0	0	0	0	0	0	0
112	0	0	0	0	4.54697e-05	0	0	0	0	0
115	0	0	0	0	0	0	0	0	0	0
116	0	0	0	0	0	0	0	0	0	0
117	0	0	0	0	0	0	0	0	0	0
118	0	0	0	0	0	0	0	0	0	0
119	0	0	2.3365e-05	0	0	0	0	0	0	0.00017233
121	0	0	0	0	0	0	0	0	0	0
122	0	0	0	0	0	0	0	0	0	0
123	0	0	0	0	0	0	0	0	0	0
124	0	0	0	0.000491127	0	0	0	0.000712438	0	0
125	0	0	0	0	0	0	0	0	0	0
126	0	0	0	0	0	0	0	0	0	0
127	0	0	0	0	0	0	0	0	0	0
128	0	0	0	0	0	0	0	0	0	0
129	0	0	0	0	0	0	0	0	0	0
130	0	0	0	0	0	0	0	0	0	0.000836528
131	0	0	0	0	0	0	0.0030714	0.000578016	0	0.00824261
133	0	0	0	0	0	0	0	0	0	0
134	0	0	0	0	0	0	0	0	0	0
135	0	0	0	0	0	0	0	0	0	0
136	0	0	0	0	0	0	0	0	0	0
138	0	0	0	0	0	0	0	0	0	0
139	0	0	0	0	0	0	0	0	0	0
140	0	0	0	0	0	0	0	0	0	0.00444615
141	0	0	0	0.00208039	0	0	0	0	0	0
142	0	0	0	0	0	0	0	0	0	0
143	0	0	0	0	0	0	0	0	0	0
144	0	0	0	0	0	0	0	0	0	0
145	0	0	0	0	0	0	0	0	0	0
147	0	0	0	0	0	0	0	0	0	0
148	0	0	0	0	0	0	0	0	0	0
149	0	0	0	0	0	0	0	0	0	0
150	0	0	0	0	0	0	0	0	0	0
151	0	0	0	0.000707998	0.000208006	0	0	0.000523743	0.00237092	0.00818191
153	0	0.00193006	0.000230278	0.00814996	0	0	0.0202643	0	0.0167345	0
155	0	0	6.03702e-05	3.54611e-05	3.25661e-05	4.79352e-05	0	0	0	0.000450325
156	0	0	0	0	0	0	0	0	0	0
157	0	0	0	0	0	0	0	0	0	0
158	0	0	0	0	0	0	0	0	0	0
159	0	0	0	0	0	0	0	0	0	0
163	0	0	0	0	0	0	0	0	0	0
164	0	0	0	0	0	0	0	0	0	0
165	0	0	0	0	0	0	0	0	0	0
167	0	0	0	0	0	0	0	0	0	0
168	0	0	0	0	0	0	0	0	0	0
169	0	0	0	0.000178319	0.000233769	9.07213e-05	0	0.000101844	3.56355e-05	0.000616614
170	0	0	0	0	0	0	0	0	0	0
171	0	0	0	0	0	0	0	0	0	0
175	0	0	0	0	0	0	0	0	0	0
179	0	0	0	0.00034434	0	0	0	0	0	0
180	0	0	0	0	0	0	0	0	0	0
181	0	0	0	0	0	0	0	0	0	0
182	0	0	0	0	0	0	0	0	0	0
183	0	0	0	0	0	0	0	0	0	0
184	0	0	0	0	0	0	0	0	0	0
186	0	0	0	0	0	0	0	0	0	0
187	0	0	0	0	0	0	0	0	0	0
189	0	0	0	0	0	0	0	0	0	0
193	0	0	0	0	0	0	0	5.11836e-05	0.000318569	0.000468313
195	0	0	0	0	0	0	0	0	0	0
196	0	0	0	0	0	0	0	0	0	0
198	0	0	0	0	0	0	0	0	0	0.000226608
199	0	0	0	0	0	0	0	0	0	0
200	0	0	0	0	0	0	0	0	0	0
201	0	0	0	0	0	0	0	0	0	0
203	0	0	0	0	0	0	0	0	0	0
204	0	0	0	0	0	0	0	0	0	0
207	0	0	0	0	0	0	0	0	0	0
208	0	0	0	0	0	0	0	0	0	0
210	0	0	0	0	0	0	0	0	0	0
211	0	0	0	0	0	0	0	0	0	0
212	0	0	0	0	0	0	0	0	0	0
213	0	0	0	0	0	0	0	0	0	0
215	0	0	0	0	0	0	0	0	0	0
216	0	0	0	0	0	0	0	0	0.000128419	0
217	0	0	0	0	0	0	0	0	0	0
218	0	0	0	0	0	0	0	0	0	0
220	0	0	0	0	0	0	0	0	0	0
221	0	0	0	0	0	0	0	0	0	0
222	0	0	0	0	0	0	0	0	0	0
225	0	0	0	0	0	0	0	0	0	0
228	0	0	0	0	0	0	0	0	0	0
229	0	0	0	0	0	0	0	0	0	0.000410563
231	0	0	0	0	0	0	0	0	0	0
232	0	0	0	0	0	0	0	0	0	0
233	0	0	0	0	0	0	0	0	0	0
234	0	0	0	0	0	0	0	0	0	0
235	0	0	0	0	0	0	0	0	0	0
241	0	0	0	0	0	0	0	0	0	0
242	0	0	0	0	0	0	0	0	0	0
244	0	0	0	0	0	0	0	0	0	0
245	0	0	0	0	0	0	0	0	0	0
247	0	1.87404e-05	0	7.55359e-05	0	0	0	0	0	0
249	0	0	0	0	0	0	0	0	0	0
250	0	0	0	0	0	0	0	0	0	0
252	0	0	0	0	0	0	0	0	0	6.76191e-05
253	0	0	0	0	0	0	0	0	0	9.31054e-05
255	0	0	0	0	0	0	0	0	0	0
257	0	0	0	0	0	0	0	0	0	0
258	0	0	0	0	0	0	0	0	0	0
259	0	0	0	0	0.000116985	0	0	0	0	0.000912748
261	0	0	0	0	0	0	0	0	0	0
263	0	0	0	0	0	0	0	0	0	0
264	0	0	0	0	0	0	0	0	0	0
265	0	0	0	0	0	0	0	0	0	0
266	0	0	0	0	0	0	0	0	0	0
267	0	0	0	0	0	0	0	0	0	0
268	0	0	0	0	0	0	0.00252306	0	0	0
270	0	0	0	0	0	0	0	0	0	0
271	0	0	0	0	0	0	0	0	0	0
272	0	0	0	0	0	0	0	0	0	0
273	0	0	0	0	0	0	0	3.27339e-05	0	0
274	0	0	0	0	0	0	0	0	0	0
275	0	0	0	0	0	0	0	0	0	0
276	0	0	0	0	0	0	0	0	0	0
279	0	0	0	0	0	0	0	0	0	0
280	0	0	0	0	0	0	0	0	0	0
281	0	0	0	0	0	0	0	0	0	0
282	0	0	0	0	0	0	0	0	0	0
283	0	0	0	0	0	0	0	0	0	0
284	0	0	0	0	0	0	0	0	0	0
286	0	0	0	0	0	0	0	0	0	3.38095e-05
287	0	0	0	0	0	0	0	0	0	0
290	0	0	0	0	0	0	0	0	0	0
291	0	0	0	0	0	0	0	0	0	0
